4.950306043345864282e+01
3.806861735260118706e+01
2.927570408294249660e+01
2.251374961260585295e+01
1.731363934818383754e+01
1.331462426670785426e+01
1.023928114823523572e+01
7.874264915865318848e+00
6.055507913708272127e+00
4.656838002914259533e+00
3.581225637408213203e+00
2.754052655180939002e+00
2.117935811818003167e+00
1.628745948116016251e+00
1.252546629937668410e+00
9.632398852545516199e-01
7.407557166892555500e-01
5.696597910944016796e-01
4.380827177957969387e-01
3.368966366096065035e-01
