4.455223745602769014e+01
3.426179389981048473e+01
2.634818180570643875e+01
2.026241480363188785e+01
1.558230672569006714e+01
1.198318573648880836e+01
9.215371031915589484e+00
7.086851818173001583e+00
5.449966979761001973e+00
4.191161394548494457e+00
3.223108293356010012e+00
2.478651171887133575e+00
1.906144975656395291e+00
1.465873353559526970e+00
1.127293432585267041e+00
8.669169773784053401e-01
6.666809468743288836e-01
5.126944105474883218e-01
3.942748952443500543e-01
3.032073116815399705e-01
